
 4.0      [  1   1   1   1   1   1   1   1   1   1   1   1   1   1   1   1]

 3.3      [  8   6   4   2   0  -2  -4  -6  -8  -6  -4  -2   0   2   4   6]
 3.2.2    [  0  -4  -4   0   8  12  12   8   0   4   4   0  -8 -12 -12  -8]
 3.2.1.1  [  0   8  16  16  16   8   0   0   0  -8 -16 -16 -16  -8   0   0]
 3.2.1.0  [  0   0   8  16  16  16   8   0   0   0  -8 -16 -16 -16  -8   0]
 3.2.0    [  0   4   4   8   8   4   4   0   0  -4  -4  -8  -8  -4  -4   0]
 3.1.1    [  0   0   4   4   0   0   4   4   0   0  -4  -4   0   0  -4  -4]
 3.1.0    [  0   4   4   0   0   4   4   0   0  -4  -4   0   0  -4  -4   0]
 3.0      [  0   2   0   2   0   2   0   2   0  -2   0  -2   0  -2   0  -2]

 2.2      [  4   2   0  -2  -4  -2   0   2   4   2   0  -2  -4  -2   0   2]
 2.1.1    [  0   0   4   4   0   0  -4  -4   0   0   4   4   0   0  -4  -4]
 2.1.0    [  0   4   4   0   0  -4  -4   0   0   4   4   0   0  -4  -4   0]
 2.0      [  0   2   0   2   0  -2   0  -2   0   2   0   2   0  -2   0  -2]

 1.1      [  2   0  -2   0   2   0  -2   0   2   0  -2   0   2   0  -2   0]
 1.0      [  0   2   0  -2   0   2   0  -2   0   2   0  -2   0   2   0  -2]

 0.0      [  1  -1   1  -1   1  -1   1  -1   1  -1   1  -1   1  -1   1  -1]

##
## A "transition" matrix allows you to do phase shifting.
##
## The first two are trival.
##
## This doesn't look as obvious as I might have hoped.
##
## Powers of matricies 

T0 = np.matrix([[-1]])

T1 = np.matrix([[0,-1],[1,0]])

I2 = np.matrix([[  4,   2,   0,  -2 ],
                [  0,   0,   4,   4 ],
                [  0,   4,   4,   0 ],
                [  0,   2,   0,   2 ]])

N2 = np.matrix([[ 2,   0,  -2,  -4 ],
                [ 0,   4,   4,   0 ],
                [ 4,   4,   0,   0 ],
                [ 2,   0,   2,   0 ]])

T2 = N2*inv(I2)

# T = np.matrix([[ 0.5, -0.5,  0. , -0.5],
#                [ 0. ,  0. ,  1. ,  0. ],
#                [ 1. ,  0. ,  0. ,  1. ],
#                [ 0.5,  0.5,  0. , -0.5]])

L = 2*(np.array([1,0,0,1,1,0,1,0,1,1,1,1,0,0,0,0]) - 0.5)

M0 = [[  1,   1,   1,   1,   1,   1,   1,   1,   1,   1,   1,   1,   1,   1,   1,   1],
      [  1,   0,   0,   0,   0,   0,   0,   0,  -1,   0,   0,   0,   0,   0,   0,   0],
      [  0,   1,   0,   0,   0,   0,   0,   0,   0,  -1,   0,   0,   0,   0,   0,   0],
      [  0,   0,   1,   0,   0,   0,   0,   0,   0,   0,  -1,   0,   0,   0,   0,   0],
      [  0,   0,   0,   1,   0,   0,   0,   0,   0,   0,   0,  -1,   0,   0,   0,   0],
      [  0,   0,   0,   0,   1,   0,   0,   0,   0,   0,   0,   0,  -1,   0,   0,   0],
      [  0,   0,   0,   0,   0,   1,   0,   0,   0,   0,   0,   0,   0,  -1,   0,   0],
      [  0,   0,   0,   0,   0,   0,   1,   0,   0,   0,   0,   0,   0,   0,  -1,   0],
      [  0,   0,   0,   0,   0,   0,   0,   1,   0,   0,   0,   0,   0,   0,   0,  -1],
      [  1,   0,   0,   0,  -1,   0,   0,   0,   1,   0,   0,   0,  -1,   0,   0,   0],
      [  0,   1,   0,   0,   0,  -1,   0,   0,   0,   1,   0,   0,   0,  -1,   0,   0],
      [  0,   0,   1,   0,   0,   0,  -1,   0,   0,   0,   1,   0,   0,   0,  -1,   0],
      [  0,   0,   0,   1,   0,   0,   0,  -1,   0,   0,   0,   1,   0,   0,   0,  -1],
      [  1,   0,  -1,   0,   1,   0,  -1,   0,   1,   0,  -1,   0,   1,   0,  -1,   0],
      [  0,   1,   0,  -1,   0,   1,   0,  -1,   0,   1,   0,  -1,   0,   1,   0,  -1],
      [  1,  -1,   1,  -1,   1,  -1,   1,  -1,   1,  -1,   1,  -1,   1,  -1,   1,  -1]]

M1 = [[  1,   0,   0,   0,   0,   0,   0,   0,   0,   0,   0,   0,   0,   0,   0,   0],
      [  0,   1,   1,   1,   1,   1,   1,   1,   1,   0,   0,   0,   0,   0,   0,   0],
      [  0,   1,   0,   0,   0,  -1,   0,   0,   0,   0,   0,   0,   0,   0,   0,   0],
      [  0,   0,   1,   0,   0,   0,  -1,   0,   0,   0,   0,   0,   0,   0,   0,   0],
      [  0,   0,   0,   1,   0,   0,   0,  -1,   0,   0,   0,   0,   0,   0,   0,   0],
      [  0,   0,   0,   0,   1,   0,   0,   0,  -1,   0,   0,   0,   0,   0,   0,   0],
      [  0,   1,   0,  -1,   0,   1,   0,  -1,   0,   0,   0,   0,   0,   0,   0,   0],
      [  0,   0,   1,   0,  -1,   0,   1,   0,  -1,   0,   0,   0,   0,   0,   0,   0],
      [  0,   1,  -1,   1,  -1,   1,  -1,   1,  -1,   0,   0,   0,   0,   0,   0,   0],
      [  0,   0,   0,   0,   0,   0,   0,   0,   0,   1,   1,   1,   1,   0,   0,   0],
      [  0,   0,   0,   0,   0,   0,   0,   0,   0,
      [  0,   0,   0,   0,   0,   0,   0,   0,   0,
      [  0,   0,   0,   0,   0,   0,   0,   0,   0,
      [  0,   0,   0,   0,   0,   0,   0,   0,   0,
      [  0,   0,   0,   0,   0,   0,   0,   0,   0,
      [  0,   0,   0,   0,   0,   0,   0,   0,   0,
      [  0,   0,   0,   0,   0,   0,   0,   0,   0,
